quadrat.x,mort_rate,quad_x,quad_y,quad_row,quad_col,kgc_mort,ba_mort,n_dead
0101,0.05263157894736842,731603,4713233,1,1,41.95,4553.81,2
0102,0.049019607843137254,731603,4713253,1,2,39.35,2248.705,5
0103,0.08943089430894309,731602,4713271,1,3,37.3,547.7066,11
0104,0.1864406779661017,731603,4713292,1,4,37.45,359.5281,22
0105,0.15217391304347827,731602,4713312,1,5,18.3,233.4794,7
0106,0.09090909090909091,731602,4713332,1,6,66.55,4319.01,4
0107,0.13333333333333333,731604,4713351,1,7,21.400000000000002,441.29,4
0108,0.12,731602,4713373,1,8,35.4,1581.3,3
0109,0.24,731602,4713393,1,9,59.45,2165.92,6
0110,0.12121212121212122,731603,4713413,1,10,25.55,552.86,4
0111,0.24242424242424243,731602,4713433,1,11,54.9,1420.28,8
0112,0.19402985074626866,731600,4713453,1,12,57.9,1614.8313,13
0113,0.14035087719298245,731601,4713472,1,13,41.15,1206.517,8
0114,0.1276595744680851,731602,4713493,1,14,67.85,3728.035,6
0115,0.33121019108280253,731599,4713512,1,15,80.35000000000001,833.0543,52
0116,0.1323529411764706,731604,4713532,1,16,33.8,611.25,9
0117,0.13157894736842105,731602,4713553,1,17,21.2,257.85630000000003,10
0118,0.1875,731602,4713570,1,18,52.45,4213.0235,15
0119,0.15254237288135594,731605,4713594,1,19,73.2,2544.3976000000002,27
0120,0.16730038022813687,731604,4713613,1,20,64.2,743.4801,44
0121,0.2074688796680498,731603,4713632,1,21,85.95,968.644,50
0122,0.20422535211267606,731604,4713653,1,22,85.5,782.3068,58
0123,0.3017241379310345,731603,4713670,1,23,94.3,724.9206,70
0124,0.12307692307692308,731602,4713691,1,24,32.65,415.185,16
0125,0.11320754716981132,731604,4713711,1,25,31.6,328.3304,12
0201,0.14666666666666667,731622,4713231,2,1,64,2577.306,11
0202,0.17333333333333334,731624,4713252,2,2,42.5,763.4823,13
0203,0.14457831325301204,731623,4713271,2,3,49.75,691.54,24
0204,0.14285714285714285,731624,4713291,2,4,13.75,169.428,11
0205,0.10810810810810811,731624,4713312,2,5,11.049999999999999,264.6058,4
0206,0.21428571428571427,731622,4713332,2,6,31.7,604.3674000000001,9
0207,0,731623,4713352,2,7,0,0,0
0208,0.06666666666666667,731623,4713373,2,8,14.25,406.12,2
0209,0.575,731628,4713398,2,9,106.6,1320.8707,92
0210,0.4385026737967914,731624,4713409,2,10,114.35,2752.2685,82
0211,0.1111111111111111,731624,4713432,2,11,19.05,598.611,3
0212,0.21212121212121213,731624,4713453,2,12,63.15,2202.4854,7
0213,0.08333333333333333,731622,4713472,2,13,26.65,1169.4,2
0214,0.08888888888888889,731621,4713492,2,14,24.8,740.9303,4
0215,0.10714285714285714,731620,4713512,2,15,41.85,1947.3,3
0216,0.12727272727272726,731622,4713531,2,16,37.25,1018.221,7
0217,0.18461538461538463,731621,4713552,2,17,38.4,847.558,12
0218,0.14285714285714285,731622,4713572,2,18,45.95,2181.33,4
0219,0.1588785046728972,731622,4713595,2,19,37.7,740.055,17
0220,0.1813953488372093,731623,4713611,2,20,63.300000000000004,751.75,39
0221,0.17180616740088106,731622,4713634,2,21,65.45,880.108,39
0222,0.14429530201342283,731623,4713650,2,22,88.7,1794.4581,43
0223,0.21818181818181817,731623,4713671,2,23,64.35,1068.3686,36
0224,0.17098445595854922,731623,4713693,2,24,63.75,1329.5764,33
0225,0.1388888888888889,731625,4713710,2,25,70,1862.4216,40
0301,0.18072289156626506,731642,4713232,3,1,67.85,2085.1902999999998,15
0302,0.25301204819277107,731646,4713251,3,2,53.1,1416.6084,21
0303,0.30303030303030304,731643,4713272,3,3,113.6,1914.6112,60
0304,0.42248062015503873,731643,4713290,3,4,106.2,418.055,109
0305,0.11538461538461539,731644,4713311,3,5,28.2,693.1404,9
0306,0.14285714285714285,731642,4713332,3,6,17.9,272.023,5
0307,0.25,731645,4713353,3,7,82.25,2748.779,12
0308,0.25555555555555554,731645,4713372,3,8,71.45,1873.4716,23
0309,0.22058823529411764,731641,4713392,3,9,38.4,618.9628,15
0310,0.3142857142857143,731640,4713410,3,10,70,2092.676,11
0311,0.3269230769230769,731645,4713433,3,11,58.4,989.2347,17
0312,0.2,731644,4713452,3,12,43.449999999999996,1176.309,10
0313,0.15789473684210525,731646,4713472,3,13,14.65,149.118,6
0314,0.32222222222222224,731646,4713493,3,14,57.95,613.3353999999999,29
0315,0.25,731646,4713513,3,15,46.1,3394.933,9
0316,0.14285714285714285,731643,4713530,3,16,49.95,2974.164,7
0317,0.15384615384615385,731644,4713553,3,17,46.25,2432.48,4
0318,0.10204081632653061,731645,4713574,3,18,25.8,614.8593,5
0319,0.13953488372093023,731645,4713596,3,19,70.15,1906.421,24
0320,0.25,731643,4713613,3,20,135.9,1109.6443,85
0321,0.1875,731642,4713633,3,21,59.85,500.4065,42
0322,0.2028985507246377,731642,4713653,3,22,95.85,756.4996,70
0323,0.16475095785440613,731644,4713671,3,23,49,201.0054,43
0324,0.16483516483516483,731643,4713692,3,24,92.75,2581.5718,15
0325,0.2457627118644068,731641,4713711,3,25,56.35,1297.1261,29
0401,0.23809523809523808,731664,4713233,4,1,38.1,436.98220000000003,20
0402,0.2524271844660194,731661,4713253,4,2,73.7,2380.5623,26
0403,0.29906542056074764,731660,4713273,4,3,57.4,664.8821,32
0404,0.2,731663,4713291,4,4,57.1,857.2171000000001,34
0405,0.1590909090909091,731664,4713310,4,5,26.7,154.5371,21
0406,0.21311475409836064,731663,4713332,4,6,53.9,1454.0744,13
0407,0.19607843137254902,731664,4713352,4,7,84,2807.3,10
0408,0.32432432432432434,731660,4713374,4,8,66.55,2684.4919999999997,12
0409,0.19230769230769232,731664,4713393,4,9,66.55,3126.2,5
0410,0.08888888888888889,731661,4713413,4,10,23.9,585.4854,4
0411,0.140625,731663,4713432,4,11,13,108.5246,9
0412,0.43478260869565216,731665,4713451,4,12,138.1,9940.0403,30
0413,0.3387096774193548,731663,4713473,4,13,116.3,4846.4874,21
0414,0.20224719101123595,731663,4713491,4,14,59.4,859.315,18
0415,0.32231404958677684,731663,4713511,4,15,98.8,2017.2478,39
0416,0.13333333333333333,731664,4713533,4,16,23.75,766.5754000000001,10
0417,0.21951219512195122,731663,4713552,4,17,63.199999999999996,1019.853,27
0418,0.16417910447761194,731663,4713571,4,18,36.65,1590.563,11
0419,0.09859154929577464,731661,4713594,4,19,69.8,2377.602,14
0420,0.13513513513513514,731662,4713614,4,20,48.75,966.1171999999999,25
0421,0.1853932584269663,731663,4713635,4,21,69,1405.2442,33
0422,0.11952191235059761,731663,4713652,4,22,57.85,718.976,30
0423,0.13953488372093023,731664,4713669,4,23,33.300000000000004,495.61830000000003,18
0424,0.16666666666666666,731663,4713691,4,24,54.75,1619.7694,12
0425,0.1487603305785124,731662,4713715,4,25,38.3,182.8591,36
0501,0.1694915254237288,731682,4713232,5,1,71.6,2031.4986000000001,20
0502,0.14942528735632185,731685,4713251,5,2,100.95,3923.6108,13
0503,0.3006993006993007,731683,4713271,5,3,91.3,2770.9307,43
0504,0.1323529411764706,731680,4713293,5,4,25.75,588.885,9
0505,0.13333333333333333,731683,4713312,5,5,48.05,561.2134,20
0506,0.11702127659574468,731683,4713333,5,6,25.15,650.945,11
0507,0.0851063829787234,731683,4713347,5,7,22.1,695.766,4
0508,0.16129032258064516,731682,4713372,5,8,60.05,2460.8,5
0509,0.06666666666666667,731682,4713394,5,9,11,380.1,1
0510,0,731680,4713413,5,10,0,0,0
0511,0.17142857142857143,731683,4713436,5,11,29.3,423.6934,12
0512,0.32653061224489793,731683,4713451,5,12,89.85000000000001,2748.0684,32
0513,0.37681159420289856,731681,4713473,5,13,74.6,1872.991,26
0514,0.35398230088495575,731682,4713493,5,14,69.05,696.015,40
0515,0.5159235668789809,731683,4713514,5,15,212.7,10398.1863,81
0516,0.2,731684,4713531,5,16,28.2,136.0557,23
0517,0.4918032786885246,731683,4713551,5,17,269.85,14851.029,60
0518,0.3917525773195876,731684,4713571,5,18,149.85,3074.8174,38
0519,0.275,731684,4713591,5,19,87.9,1712.5520000000001,22
0520,0.12727272727272726,731683,4713612,5,20,56.6,1793.44,7
0521,0.21301775147928995,731680,4713635,5,21,75.3,1873.7148,36
0522,0.17391304347826086,731680,4713650,5,22,63.7,1575.0731,20
0523,0.17391304347826086,731681,4713671,5,23,75.7,2248.993,12
0524,0.12962962962962962,731683,4713692,5,24,70.5,3411.507,7
0525,0.19230769230769232,731680,4713713,5,25,54.949999999999996,1326.1794,15
0601,0.08695652173913043,731703,4713233,6,1,61.45,2166.62,8
0602,0.2625,731703,4713253,6,2,112.95,2446.317,21
0603,0.20987654320987653,731701,4713274,6,3,46.55,1043.7587,17
0604,0.20588235294117646,731705,4713292,6,4,40.5,304.576,21
0605,0.29518072289156627,731704,4713312,6,5,139.05,3166.2034,49
0606,0.3645833333333333,731704,4713332,6,6,84.9,526.3788,70
0607,0.023809523809523808,731706,4713353,6,7,10.85,369.8,1
0608,0.20512820512820512,731706,4713372,6,8,87.39999999999999,4218.1703,8
0609,0.175,731705,4713392,6,9,84.15,3405.6,7
0610,0.275,731703,4713413,6,10,95.85,3531.2973,11
0611,0.1839080459770115,731703,4713431,6,11,30.25,568.6066,16
0612,0.3617021276595745,731705,4713454,6,12,144.8,5979.8077,34
0613,0.24489795918367346,731704,4713470,6,13,81.9,3743.6187,12
0614,0.24390243902439024,731702,4713494,6,14,95.15,4347.342,10
0615,0.15254237288135594,731705,4713511,6,15,29.8,867.4373999999999,9
0616,0.41304347826086957,731704,4713534,6,16,81.3,1349.748,19
0617,0.36904761904761907,731702,4713554,6,17,118.95,4940.637,31
0618,0.256198347107438,731702,4713572,6,18,77.65,1025.449,31
0619,0.1625,731705,4713590,6,19,48.25,965.745,13
0620,0.22,731704,4713611,6,20,53.4,1268.3193999999999,11
0621,0.2127659574468085,731703,4713634,6,21,60.65,1213.4474,20
0622,0.23170731707317074,731702,4713652,6,22,126.9,4331.893,19
0623,0.27358490566037735,731704,4713672,6,23,116.5,2995.1013000000003,29
0624,0.18421052631578946,731704,4713692,6,24,46.5,792.9697,14
0625,0.1320754716981132,731704,4713713,6,25,43.2,1009.118,7
0701,0.20192307692307693,731724,4713233,7,1,97.25,2801.1294000000003,21
0702,0.25471698113207547,731723,4713252,7,2,91.8,2358.3971,27
0703,0.21818181818181817,731723,4713271,7,3,41.8,1129.8693,12
0704,0.16666666666666666,731722,4713292,7,4,49.3,1971.6324,13
0705,0.28125,731721,4713311,7,5,79.75,2327.6474,27
0706,0.13580246913580246,731722,4713331,7,6,36.25,901.6704,11
0707,0.2956521739130435,731723,4713353,7,7,106.7,3257.4741,34
0708,0.275,731721,4713370,7,8,53.65,1136.9137,22
0709,0.3269230769230769,731724,4713392,7,9,108.7,4302.7878,17
0710,0.30303030303030304,731723,4713411,7,10,80.55,2988.5873,10
0711,0.47413793103448276,731722,4713434,7,11,142.8,3828.8841,55
0712,0.41044776119402987,731721,4713452,7,12,103.75,1255.6843,55
0713,0.19402985074626866,731723,4713471,7,13,50.3,1479.8348,13
0714,0.16216216216216217,731723,4713491,7,14,64.55,3163.06,6
0715,0.16363636363636364,731724,4713515,7,15,30.549999999999997,702.4658,9
0716,0.18571428571428572,731722,4713530,7,16,42.65,1255.97,13
0717,0.32142857142857145,731721,4713554,7,17,68.2,2141.7413,18
0718,0.34545454545454546,731722,4713571,7,18,123.8,2172.344,38
0719,0.20300751879699247,731723,4713592,7,19,81.15,1115.399,27
0720,0.19230769230769232,731722,4713609,7,20,20,194.1013,10
0721,0.19607843137254902,731723,4713633,7,21,63.6,1500.51,10
0722,0.2698412698412698,731723,4713653,7,22,68.8,2081.3404,17
0723,0.30357142857142855,731723,4713672,7,23,96.8,1937.316,34
0724,0.35,731724,4713692,7,24,106.1,1761.6711,49
0725,0.0547945205479452,731724,4713713,7,25,25.3,540.38,4
0801,0.25210084033613445,731743,4713232,8,1,273.3,12318.984,30
0802,0.1935483870967742,731743,4713251,8,2,134.5,4129.1984,24
0803,0.0875,731743,4713273,8,3,17.5,223.698,7
0804,0.13636363636363635,731743,4713291,8,4,49.3,803.723,12
0805,0.15,731743,4713312,8,5,49.65,972.8553,12
0806,0.14583333333333334,731743,4713332,8,6,68.39999999999999,3080.516,7
0807,0.04838709677419355,731742,4713353,8,7,26.3,1317.831,3
0808,0.09803921568627451,731745,4713373,8,8,26.45,717.656,5
0809,0.1590909090909091,731744,4713393,8,9,30.1,727.1918000000001,7
0810,0.1702127659574468,731743,4713411,8,10,60.9,1764.99,8
0811,0.21739130434782608,731739,4713433,8,11,80.85,2577.073,15
0812,0.14925373134328357,731741,4713451,8,12,36.05,844.8566,10
0813,0.25301204819277107,731744,4713472,8,13,57.25,1355.2807,21
0814,0.2127659574468085,731743,4713494,8,14,47.25,1495.1889999999999,10
0815,0.21052631578947367,731741,4713514,8,15,50.300000000000004,2795.5551,12
0816,0.3333333333333333,731743,4713534,8,16,142.15,7502.734,11
0817,0.2978723404255319,731741,4713552,8,17,18.75,119.0903,14
0818,0.3368421052631579,731742,4713574,8,18,158.7,7231.6487,32
0819,0.18947368421052632,731743,4713590,8,19,48.9,665.8147,18
0820,0.16666666666666666,731742,4713610,8,20,38.7,571.9994,12
0821,0.10526315789473684,731741,4713633,8,21,6.6,58.956300000000006,4
0822,0.125,731743,4713653,8,22,35.15,886.23,5
0823,0.24390243902439024,731742,4713671,8,23,51.6,1424.429,20
0824,0.2119205298013245,731743,4713693,8,24,73.95,1223.4521,32
0825,0.08080808080808081,731743,4713710,8,25,32,517.644,8
0901,0.1111111111111111,731765,4713232,9,1,27.8,859.2774000000001,6
0902,0.0641025641025641,731763,4713252,9,2,28.7,678.2470000000001,5
0903,0.14285714285714285,731763,4713274,9,3,67.75,1927.4628,15
0904,0.1349206349206349,731764,4713291,9,4,62.9,1522.2653,17
0905,0.1518987341772152,731764,4713311,9,5,35.65,485.1804,12
0906,0.1518987341772152,731765,4713332,9,6,46.75,1030.3741,12
0907,0.1388888888888889,731761,4713352,9,7,50.95,2188.305,5
0908,0.23684210526315788,731762,4713370,9,8,59.8,1532.41,9
0909,0.125,731764,4713393,9,9,35.9,969.5790000000001,8
0910,0.20930232558139536,731765,4713412,9,10,68.45,2069.711,9
0911,0.17857142857142858,731763,4713432,9,11,57.6,1804.8028,10
0912,0.23529411764705882,731764,4713453,9,12,62.5,1227.304,12
0913,0.32142857142857145,731762,4713472,9,13,64.4,859.9974,27
0914,0.3333333333333333,731764,4713492,9,14,87.1,2647.563,14
0915,0.10606060606060606,731763,4713512,9,15,11.95,94.552,7
0916,0.13157894736842105,731765,4713531,9,16,41.8,2549.804,5
0917,0.25806451612903225,731762,4713552,9,17,28.049999999999997,630.052,8
0918,0.11627906976744186,731764,4713573,9,18,28.200000000000003,641.232,5
0919,0.26229508196721313,731765,4713592,9,19,52.55,991.674,16
0920,0.1875,731762,4713611,9,20,29.5,340.1417,15
0921,0.24489795918367346,731764,4713633,9,21,43.5,966.043,12
0922,0.203125,731766,4713652,9,22,103.55,7096.9234,13
0923,0.1111111111111111,731764,4713671,9,23,48.4,1027.61,8
0924,0.09210526315789473,731762,4713694,9,24,23.900000000000002,377.829,7
0925,0.12643678160919541,731763,4713713,9,25,68.8,1891.26,11
1001,0.20155038759689922,731782,4713230,10,1,63.25,1425.1499999999999,26
1002,0.1346153846153846,731783,4713252,10,2,27.65,267.1494,14
1003,0.15178571428571427,731783,4713273,10,3,81.4,2825.371,17
1004,0.09395973154362416,731781,4713293,10,4,59.1,1977.468,14
1005,0.14782608695652175,731784,4713311,10,5,103.85,3885.85,17
1006,0.12244897959183673,731783,4713330,10,6,43.15,777.3284,12
1007,0.13725490196078433,731783,4713350,10,7,39.4,1059.918,7
1008,0.18518518518518517,731782,4713372,10,8,35.25,751.885,10
1009,0.16363636363636364,731782,4713391,10,9,17.3,260.7834,9
1010,0.10869565217391304,731783,4713413,10,10,10.85,147.3653,5
1011,0.27586206896551724,731782,4713432,10,11,88.95,3138.134,16
1012,0.1568627450980392,731784,4713453,10,12,53.85,1444.24,8
1013,0.21428571428571427,731782,4713472,10,13,60.8,1336.539,12
1014,0.16279069767441862,731785,4713493,10,14,24.05,354.382,7
1015,0.15217391304347827,731784,4713511,10,15,32.6,726.539,7
1016,0.1864406779661017,731783,4713532,10,16,57.45,1534.373,11
1017,0.15217391304347827,731784,4713552,10,17,21.05,331.285,7
1018,0.2,731783,4713572,10,18,57.15,1445.401,11
1019,0.16,731783,4713592,10,19,25.35,345.708,8
1020,0.1388888888888889,731783,4713612,10,20,43.65,1017.3004,10
1021,0.20833333333333334,731782,4713632,10,21,60.3,1202.937,15
1022,0.16923076923076924,731784,4713652,10,22,30.05,458.37,11
1023,0.2169811320754717,731782,4713671,10,23,55.4,876.684,23
1024,0.14035087719298245,731782,4713691,10,24,27.35,417.793,8
1025,0.049586776859504134,731783,4713714,10,25,30.4,710.1464,6
1101,0.21428571428571427,731801,4713231,11,1,130.7,5278.7300000000005,12
1102,0.21686746987951808,731802,4713253,11,2,141.2,5402.0767,18
1103,0.2222222222222222,731801,4713272,11,3,109.5,2991.215,22
1104,0.18309859154929578,731803,4713291,11,4,76.55,2725.5303,13
1105,0.17857142857142858,731803,4713311,11,5,94.6,2873.6330000000003,15
1106,0.18032786885245902,731801,4713332,11,6,71.15,1886.875,11
1107,0.22033898305084745,731801,4713352,11,7,91,2469.0353999999998,13
1108,0.32727272727272727,731805,4713373,11,8,114.9,3110.786,18
1109,0.15873015873015872,731802,4713392,11,9,58.95,1495.888,10
1110,0.18867924528301888,731803,4713412,11,10,88.2,2622.29,10
1111,0.3,731802,4713433,11,11,117.8,3067.82,15
1112,0.2,731803,4713452,11,12,74.55,2150.1074,11
1113,0.19148936170212766,731803,4713471,11,13,64.9,1781.799,9
1114,0.16981132075471697,731803,4713492,11,14,51.4,1047.76,9
1115,0.1076923076923077,731804,4713513,11,15,38.6,980.54,7
1116,0.14035087719298245,731802,4713533,11,16,42.95,913.4,8
1117,0.22807017543859648,731802,4713553,11,17,80.2,1873.48,13
1118,0.24561403508771928,731802,4713571,11,18,78.9,1794.116,14
1119,0.2,731804,4713591,11,19,89.1,2874.03,10
1120,0.23404255319148937,731802,4713612,11,20,64.55,1520.762,11
1121,0.1,731802,4713633,11,21,44.65,1001.9154000000001,8
1122,0.06285714285714286,731806,4713654,11,22,95.35,2923.2,11
1123,0.10344827586206896,731806,4713674,11,23,54.05,1712.0929999999998,9
1124,0.17857142857142858,731804,4713690,11,24,56.949999999999996,1994.3344,10
1125,0.12658227848101267,731804,4713713,11,25,31.15,527.201,10
1201,0.21311475409836064,731822,4713231,12,1,76.15,1895.651,13
1202,0.175,731824,4713252,12,2,63.65,1853.3,7
1203,0.18867924528301888,731823,4713272,12,3,75.85000000000001,2379.07,10
1204,0.22388059701492538,731821,4713292,12,4,83.75,2819.0287000000003,15
1205,0.208955223880597,731824,4713311,12,5,103,4157.4994,14
1206,0.234375,731823,4713332,12,6,127.65,3913.06,15
1207,0.2826086956521739,731823,4713353,12,7,123.9,4594.69,13
1208,0.3333333333333333,731823,4713372,12,8,158.55,4237.74,20
1209,0.20930232558139536,731823,4713392,12,9,70.3,1964.0354,9
1210,0.1875,731824,4713411,12,10,65.8,1660.73,9
1211,0.25,731823,4713434,12,11,67.9,1661.0544,12
1212,0.1702127659574468,731823,4713451,12,12,73.7,2271.84,8
1213,0.10526315789473684,731824,4713474,12,13,37.85,1161.6,4
1214,0.16923076923076924,731824,4713493,12,14,85.4,2473.53,11
1215,0.1568627450980392,731824,4713513,12,15,56.15,1525.609,8
1216,0.17543859649122806,731824,4713532,12,16,70.05,1763.8799999999999,10
1217,0.15714285714285714,731823,4713551,12,17,83.2,2468.76,11
1218,0.12962962962962962,731823,4713574,12,18,29.05,419.14,7
1219,0.3023255813953488,731825,4713592,12,19,90.05,2338.975,13
1220,0.25,731824,4713613,12,20,94.8,2526.002,17
1221,0.14285714285714285,731822,4713633,12,21,33.45,605.397,7
1222,0.10526315789473684,731822,4713652,12,22,59.05,1660.169,8
1223,0.10309278350515463,731824,4713671,12,23,45.3,958.432,10
1224,0.06944444444444445,731823,4713691,12,24,18.85,489.268,5
1225,0.23333333333333334,731822,4713712,12,25,89.1,3036.432,14
1301,0.3695652173913043,731844,4713232,13,1,143.4,4193.319,17
1302,0.32608695652173914,731845,4713252,13,2,122.25,3647.89,15
1303,0.2391304347826087,731843,4713272,13,3,81.25,2013.76,11
1304,0.21951219512195122,731844,4713293,13,4,76.5,2436.96,9
1305,0.24615384615384617,731843,4713313,13,5,76.65,1859.5494,16
1306,0.25,731845,4713333,13,6,132.85,3762.5744,20
1307,0.3050847457627119,731842,4713351,13,7,140.8,3805.56,18
1308,0.19607843137254902,731844,4713373,13,8,53.3,1040.866,10
1309,0.2222222222222222,731844,4713392,13,9,82.2,1892.337,14
1310,0.19607843137254902,731843,4713411,13,10,73.85,2092.471,10
1311,0.21428571428571427,731843,4713432,13,11,81.3,2533.33,9
1312,0.2857142857142857,731843,4713451,13,12,104.5,3068.02,12
1313,0.2727272727272727,731842,4713471,13,13,70.8,2489.82,9
1314,0.1875,731843,4713493,13,14,68.9,2153.965,9
1315,0.07142857142857142,731843,4713511,13,15,36.4,1047.932,5
1316,0.16,731843,4713531,13,16,20,215.181,8
1317,0.16129032258064516,731842,4713553,13,17,17.55,125.054,10
1318,0.1206896551724138,731843,4713573,13,18,15.200000000000001,150.016,7
1319,0.1506849315068493,731842,4713592,13,19,40.550000000000004,776.025,11
1320,0.20253164556962025,731844,4713612,13,20,45.8,723.359,16
1321,0.08641975308641975,731843,4713632,13,21,40.2,1169.201,7
1322,0.10465116279069768,731843,4713651,13,22,29.1,618.354,9
1323,0.16822429906542055,731843,4713672,13,23,22.15,147.3971,18
1324,0.2463768115942029,731846,4713689,13,24,58,918.8977,17
1325,0.17857142857142858,731840,4713712,13,25,85.45,3509.207,10
1401,0.18032786885245902,731863,4713232,14,1,62.75,1193.55,11
1402,0.2,731865,4713252,14,2,70.1,1625.24,11
1403,0.1323529411764706,731864,4713272,14,3,76,2276.78,9
1404,0.15384615384615385,731865,4713293,14,4,64,1783.3754000000001,10
1405,0.1827956989247312,731864,4713312,14,5,91.25,2036.7563,17
1406,0.23076923076923078,731864,4713332,14,6,75.4,1009.7529000000001,33
1407,0.17582417582417584,731864,4713351,14,7,77.4,1652.0323,16
1408,0.28846153846153844,731862,4713372,14,8,106.35,2727.17,15
1409,0.234375,731863,4713392,14,9,77.9,1599.919,15
1410,0.26666666666666666,731863,4713411,14,10,88.55,2302.811,12
1411,0.25,731863,4713432,14,11,84.3,1938.75,13
1412,0.11904761904761904,731864,4713451,14,12,45.95,1464.28,5
1413,0.18421052631578946,731862,4713471,14,13,46.1,1001.27,7
1414,0.023255813953488372,731864,4713492,14,14,6.7,141,1
1415,0.11688311688311688,731862,4713512,14,15,28.35,680.183,9
1416,0.12,731862,4713532,14,16,29.3,712.518,6
1417,0.18333333333333332,731863,4713552,14,17,44.05,1092.96,11
1418,0.125,731863,4713573,14,18,25.15,317.124,10
1419,0.296,731865,4713590,14,19,87.4,1005.2262999999999,37
1420,0.21774193548387097,731863,4713611,14,20,39.45,282.6919,27
1421,0.22330097087378642,731864,4713631,14,21,43,572.5204,23
1422,0.21348314606741572,731863,4713652,14,22,29.2,219.1757,19
1423,0.1,731863,4713670,14,23,9.1,34.5256,9
1424,0.14285714285714285,731862,4713690,14,24,38.15,661.3993,17
1425,0.1320754716981132,731864,4713711,14,25,19.3,329.377,7
1501,0.2054794520547945,731884,4713232,15,1,62.5,1386.202,15
1502,0.3707865168539326,731887,4713253,15,2,62.3,552.3171,33
1503,0.4297520661157025,731886,4713272,15,3,107.15,1395.2056,52
1504,0.20930232558139536,731885,4713291,15,4,46.45,484.8202,27
1505,0.136,731884,4713312,15,5,43.05,570.9333,17
1506,0.19708029197080293,731883,4713331,15,6,80.2,1130.4297,27
1507,0.31746031746031744,731882,4713351,15,7,113.3,2557.0793,20
1508,0.19230769230769232,731882,4713371,15,8,84.95,2530.7400000000002,10
1509,0.18,731882,4713392,15,9,60.3,1865.9370000000001,9
1510,0.2619047619047619,731884,4713412,15,10,77.1,2082.26,11
1511,0.32142857142857145,731882,4713432,15,11,122.4,2952.23,18
1512,0.15384615384615385,731885,4713450,15,12,42.5,1219.788,6
1513,0.15,731883,4713473,15,13,45.65,1102.4,6
1514,0.1134020618556701,731882,4713492,15,14,37.35,1155.1680000000001,11
1515,0.16666666666666666,731883,4713512,15,15,44.5,1245.1183,13
1516,0.14084507042253522,731883,4713531,15,16,24.6,398.9374,10
1517,0.1375,731884,4713552,15,17,30.05,376.274,11
1518,0.1487603305785124,731884,4713572,15,18,30.8,644.1797,18
1519,0.23357664233576642,731883,4713591,15,19,59.25,868.1585,32
1520,0.1953125,731884,4713613,15,20,45.8,452.4468,25
1521,0.2184873949579832,731882,4713630,15,21,38.95,349.4661,26
1522,0.13793103448275862,731882,4713651,15,22,31.65,591.1364,12
1523,0.08433734939759036,731885,4713672,15,23,17.55,203.6954,7
1524,0.0963855421686747,731881,4713691,15,24,40.35,1185.817,8
1525,0.10714285714285714,731883,4713710,15,25,30.75,598.149,6
1601,0.39408866995073893,731904,4713232,16,1,173.05,1673.9073,80
1602,0.40569395017793597,731903,4713251,16,2,207.1,1776.4568,114
1603,0.4666666666666667,731903,4713272,16,3,168.65,1345.3892,91
1604,0.24786324786324787,731903,4713292,16,4,77.9,1291.81,29
1605,0.12903225806451613,731903,4713312,16,5,62.3,1344.7154,16
1606,0.18045112781954886,731903,4713332,16,6,73.05,1194.6483,24
1607,0.16393442622950818,731903,4713350,16,7,30.9,652.9561,10
1608,0.16666666666666666,731903,4713371,16,8,54.85,1680.02,7
1609,0.10204081632653061,731903,4713391,16,9,42.85,1223.8,5
1610,0.1509433962264151,731904,4713411,16,10,46.25,1147.58,8
1611,0.11627906976744186,731902,4713432,16,11,39.800000000000004,1180.8700000000001,5
1612,0.3125,731903,4713451,16,12,91.4,1939.57,15
1613,0.20512820512820512,731902,4713471,16,13,53.1,1190.03,8
1614,0.14285714285714285,731904,4713493,16,14,37.35,962.212,8
1615,0.14606741573033707,731903,4713511,16,15,44.55,1078.0223,13
1616,0.17894736842105263,731904,4713532,16,16,43.65,1055.2113,17
1617,0.21008403361344538,731903,4713552,16,17,67.75,1050.746,25
1618,0,731906,4713574,16,18,0,0,0
1619,0,731907,4713593,16,19,0,0,0
1620,0,731905,4713610,16,20,0,0,0
1621,0.3063063063063063,731904,4713632,16,21,60.550000000000004,587.0646,34
1622,0.20588235294117646,731902,4713650,16,22,23.7,230.6953,14
1623,0.03571428571428571,731902,4713671,16,23,8.3,216.4,1
1624,0.15625,731904,4713692,16,24,25.75,442.57,5
1625,0.10638297872340426,731902,4713712,16,25,33,709.54,5
1701,0.41605839416058393,731923,4713231,17,1,240.5,2211.2044,114
1702,0.4188034188034188,731922,4713252,17,2,185.5,1650.7513000000001,98
1703,0.41245136186770426,731922,4713272,17,3,207,1761.3273,106
1704,0.2692307692307692,731924,4713293,17,4,39.4,246.845,28
1705,0.19166666666666668,731923,4713311,17,5,51.95,830.6689,23
1706,0.2457627118644068,731922,4713333,17,6,64.4,895.8848,29
1707,0.15492957746478872,731922,4713351,17,7,70.75,2028.824,11
1708,0.1956521739130435,731922,4713371,17,8,64.1,1754.839,9
1709,0.14545454545454545,731922,4713393,17,9,49.85,1555.45,8
1710,0.2391304347826087,731922,4713413,17,10,74.5,1859.487,11
1711,0.24074074074074073,731921,4713433,17,11,88.6,2401.64,13
1712,0.28205128205128205,731924,4713451,17,12,88.1,2590.18,11
1713,0.1896551724137931,731924,4713473,17,13,28,314.0424,11
1714,0.1686746987951807,731924,4713493,17,14,34.35,919.8873,14
1715,0.12903225806451613,731923,4713511,17,15,18.15,115.3708,12
1716,0.21238938053097345,731922,4713533,17,16,30.400000000000002,168.6188,24
1717,0,731921,4713550,17,17,0,0,0
1718,0,731923,4713573,17,18,0,0,0
1719,0,731924,4713594,17,19,0,0,0
1720,0,731924,4713608,17,20,0,0,0
1721,0.22110552763819097,731923,4713632,17,21,100.35,1807.9511,44
1722,0.16901408450704225,731923,4713652,17,22,24.15,274.1763,12
1723,0.15151515151515152,731924,4713673,17,23,10.05,38.3474,10
1724,0.13636363636363635,731925,4713694,17,24,18.3,170.038,9
1725,0.18461538461538463,731923,4713713,17,25,47.15,674.44,12
1801,0.4315068493150685,731942,4713232,18,1,138.8,1482.6178,63
1802,0.3532934131736527,731942,4713252,18,2,141.1,1614.472,59
1803,0.35877862595419846,731941,4713272,18,3,125.5,2003.4503,47
1804,0.16666666666666666,731943,4713289,18,4,23.75,314.0684,13
1805,0.1527777777777778,731942,4713313,18,5,64.45,1561.3790000000001,11
1806,0.14423076923076922,731941,4713331,18,6,32.85,395.88710000000003,15
1807,0.12698412698412698,731942,4713352,18,7,67,2589.66,8
1808,0.28846153846153844,731943,4713372,18,8,139.15,4335.7,15
1809,0.3793103448275862,731944,4713392,18,9,77.1,1820.92,11
1810,0.2222222222222222,731943,4713412,18,10,85.85000000000001,2513.75,10
1811,0.11904761904761904,731945,4713433,18,11,39.800000000000004,1293.6503,5
1812,0.2465753424657534,731942,4713451,18,12,74.8,1773.7084,18
1813,0.12244897959183673,731942,4713471,18,13,28.25,626.369,6
1814,0.1702127659574468,731942,4713493,18,14,66.35,2167.3312,16
1815,0.10852713178294573,731942,4713512,18,15,14.7,62.647600000000004,14
1816,0.14788732394366197,731942,4713531,18,16,38.5,612.6082,21
1817,0,731945,4713555,18,17,0,0,0
1818,0,731942,4713571,18,18,0,0,0
1819,0,731943,4713594,18,19,0,0,0
1820,0,731943,4713614,18,20,0,0,0
1821,0,731943,4713630,18,21,0,0,0
1822,0.23008849557522124,731943,4713651,18,22,60.6,1378.0684,26
1823,0.1559633027522936,731942,4713673,18,23,16.9,67.589,17
1824,0.1326530612244898,731943,4713691,18,24,19.349999999999998,221.2751,13
1825,0.22950819672131148,731943,4713713,18,25,69,1439.7923,14
1901,0.17272727272727273,731962,4713232,19,1,53.2,843.8273,19
1902,0.2375,731961,4713251,19,2,45.15,477.342,19
1903,0.23076923076923078,731962,4713271,19,3,119.85,4017.7,12
1904,0.3111111111111111,731964,4713293,19,4,98.2,2375.892,14
1905,0.21818181818181817,731962,4713312,19,5,96.8,2544.42,12
1906,0.4,731963,4713332,19,6,169.65,5355.6,18
1907,0.225,731963,4713352,19,7,82.7,2475.11,9
1908,0.38461538461538464,731962,4713371,19,8,79.9,2394.6203,10
1909,0.2765957446808511,731963,4713391,19,9,116.75,3626.05,13
1910,0.20512820512820512,731962,4713412,19,10,67.45,1962.05,8
1911,0.2786885245901639,731961,4713432,19,11,75.75,1807.0951,17
1912,0.1896551724137931,731961,4713453,19,12,24.9,567.8967,11
1913,0.20588235294117646,731964,4713473,19,13,50.45,1335.4812,14
1914,0,731962,4713493,19,14,0,0,0
1915,0,731967,4713514,19,15,0,0,0
1916,0,731965,4713533,19,16,0,0,0
1917,0,731963,4713551,19,17,0,0,0
1918,0,731963,4713572,19,18,0,0,0
1919,0,731962,4713591,19,19,0,0,0
1920,0,731962,4713611,19,20,0,0,0
1921,0,731963,4713630,19,21,0,0,0
1922,0.13846153846153847,731961,4713652,19,22,50.9,780.5328,18
1923,0.08974358974358974,731964,4713674,19,23,47.949999999999996,2528.5233,7
1924,0.02857142857142857,731962,4713691,19,24,8.7,237.8,1
1925,0.16363636363636364,731961,4713713,19,25,66.05,2354.433,9
2001,0.13414634146341464,731981,4713232,20,1,36.7,711.6737,11
2002,0.27906976744186046,731982,4713251,20,2,100.05,3374.77,12
2003,0.3541666666666667,731984,4713273,20,3,145.65,4807.29,17
2004,0.2926829268292683,731983,4713292,20,4,103.75,3071.65,12
2005,0.35555555555555557,731983,4713312,20,5,133,4067.58,16
2006,0.34375,731983,4713332,20,6,97.45,2981.95,11
2007,0.4473684210526316,731984,4713352,20,7,145.7,4286.45,17
2008,0.2692307692307692,731982,4713372,20,8,112.55,3140.855,14
2009,0.46153846153846156,731983,4713391,20,9,139.55,3767.4700000000003,18
2010,0.425531914893617,731984,4713411,20,10,148,3778.869,20
2011,0.3246753246753247,731983,4713432,20,11,158,3779.169,25
2012,0.2875,731982,4713454,20,12,94.7,4382.29,23
2013,0.25477707006369427,731983,4713473,20,13,39.95,159.8239,40
2014,0.21235521235521235,731987,4713493,20,14,84.3,1088.1876,55
2015,0,731985,4713512,20,15,0,0,0
2016,0,731984,4713530,20,16,0,0,0
2017,0,731983,4713553,20,17,0,0,0
2018,0,731983,4713572,20,18,0,0,0
2019,0,731983,4713592,20,19,0,0,0
2020,0,731983,4713611,20,20,0,0,0
2021,0,731984,4713628,20,21,0,0,0
2022,0.23776223776223776,731983,4713651,20,22,98.7,2216.1798,34
2023,0.22972972972972974,731984,4713671,20,23,92.15,4268.5824,17
2024,0.1568627450980392,731983,4713692,20,24,51.65,1580.965,8
2025,0.18181818181818182,731982,4713712,20,25,65.3,1924.5800000000002,8
2101,0.2037037037037037,732003,4713231,21,1,83.7,2316.8450000000003,11
2102,0.3111111111111111,732004,4713251,21,2,122.95,3605.79,14
2103,0.23529411764705882,732003,4713271,21,3,56.4,1417.56,8
2104,0.4090909090909091,732003,4713292,21,4,138.75,3889.3003,18
2105,0.358974358974359,732001,4713314,21,5,102.5,2528.78,14
2106,0.2,732002,4713331,21,6,71.45,2155,8
2107,0.375,732002,4713352,21,7,143.4,4109.888,18
2108,0.4,732003,4713372,21,8,209.65,5445.274,28
2109,0.125,732004,4713392,21,9,23.4,360.84700000000004,6
2110,0.18,732002,4713411,21,10,44.65,977.0406,9
2111,0.14814814814814814,732003,4713431,21,11,24.55,462.4764,8
2112,0.1774193548387097,732003,4713452,21,12,35.5,1210.3233,11
2113,0.26521739130434785,732005,4713476,21,13,80.55,1666.7051,61
2114,0,732002,4713493,21,14,0,0,0
2115,0,732002,4713510,21,15,0,0,0
2116,0,732003,4713531,21,16,0,0,0
2117,0,732001,4713551,21,17,0,0,0
2118,0,732002,4713571,21,18,0,0,0
2119,0,732002,4713592,21,19,0,0,0
2120,0,732003,4713613,21,20,0,0,0
2121,0,732003,4713630,21,21,0,0,0
2122,0.291044776119403,732003,4713651,21,22,68.35000000000001,1267.7654,39
2123,0.18461538461538463,732002,4713670,21,23,33,474.546,12
2124,0.08,732003,4713693,21,24,22.4,511.62,4
2125,0.1276595744680851,732003,4713714,21,25,38.25,981.17,6
2201,0.38,732022,4713233,22,1,91.4,2649.9594,19
2202,0.3888888888888889,732024,4713251,22,2,120.10000000000001,3543.21,14
2203,0.28888888888888886,732022,4713272,22,3,119.60000000000001,3891.56,13
2204,0.425531914893617,732023,4713292,22,4,159.5,4158.75,20
2205,0.40384615384615385,732022,4713313,22,5,181.15,5237.67,21
2206,0.3620689655172414,732023,4713332,22,6,130.95,3409.7882999999997,21
2207,0.27450980392156865,732023,4713353,22,7,75.95,1901.8786,14
2208,0.2558139534883721,732023,4713372,22,8,66.55,1265.5043,22
2209,0.22580645161290322,732023,4713390,22,9,48.6,820.3894,14
2210,0.23529411764705882,732023,4713411,22,10,42,755.4493,12
2211,0.3191489361702128,732024,4713432,22,11,41.9,241.6616,30
2212,0.16666666666666666,732023,4713451,22,12,20.65,131.9456,13
2213,0,732022,4713476,22,13,0,0,0
2214,0,732021,4713489,22,14,0,0,0
2215,0,732023,4713512,22,15,0,0,0
2216,0,732022,4713533,22,16,0,0,0
2217,0,732023,4713554,22,17,0,0,0
2218,0,732023,4713570,22,18,0,0,0
2219,0,732022,4713593,22,19,0,0,0
2220,0,732021,4713613,22,20,0,0,0
2221,0,732023,4713630,22,21,0,0,0
2222,0.28859060402684567,732021,4713651,22,22,65.35,402.41700000000003,43
2223,0.12280701754385964,732020,4713669,22,23,37.55,1502.9054,14
2224,0.07142857142857142,732024,4713691,22,24,23.15,568.9,3
2225,0.1111111111111111,732024,4713710,22,25,46.45,1540.3703,6
2301,0.4,732044,4713231,23,1,121.3,3635.47,14
2302,0.2909090909090909,732045,4713252,23,2,110.35,2879.8544,16
2303,0.3111111111111111,732043,4713271,23,3,98.7,2579.349,14
2304,0.391304347826087,732045,4713294,23,4,61.05,1285.7473,36
2305,0.1917808219178082,732042,4713312,23,5,48.15,1054.8947,14
2306,0.22077922077922077,732043,4713333,23,6,47.300000000000004,1468.7897,17
2307,0.22330097087378642,732044,4713352,23,7,35.35,319.1231,23
2308,0.20689655172413793,732043,4713371,23,8,42.5,902.0216,18
2309,0.22,732042,4713389,23,9,25.45,306.14,11
2310,0.23076923076923078,732042,4713413,23,10,69.65,1674.268,12
2311,0.25396825396825395,732042,4713432,23,11,48.8,420.1067,32
2312,0.2644628099173554,732043,4713451,23,12,47.85,424.0222,32
2313,0,732042,4713473,23,13,0,0,0
2314,0,732043,4713494,23,14,0,0,0
2315,0,732043,4713511,23,15,0,0,0
2316,0,732043,4713531,23,16,0,0,0
2317,0,732043,4713553,23,17,0,0,0
2318,0,732045,4713570,23,18,0,0,0
2319,0,732044,4713592,23,19,0,0,0
2320,0,732042,4713613,23,20,0,0,0
2321,0,732041,4713631,23,21,0,0,0
2322,0.36312849162011174,732043,4713649,23,22,93.2,1319.1697,65
2323,0.06382978723404255,732044,4713673,23,23,19.55,436.87,3
2324,0.1111111111111111,732044,4713693,23,24,22.7,379.82599999999996,7
2325,0.2153846153846154,732046,4713709,23,25,52.4,803.4745,28
2401,0.25,732063,4713231,24,1,67.4,1329.4177,20
2402,0.6046511627906976,732065,4713254,24,2,50.75,273.8908,52
2403,0.30952380952380953,732064,4713272,24,3,29.8,292.35949999999997,26
2404,0.40350877192982454,732064,4713293,24,4,66.8,1009.5436,46
2405,0.2857142857142857,732063,4713310,24,5,51.7,1094.4691,22
2406,0.2222222222222222,732064,4713333,24,6,17.7,147.5187,14
2407,0.32978723404255317,732061,4713353,24,7,57.55,838.8429,31
2408,0.2,732064,4713372,24,8,21.349999999999998,128.18880000000001,18
2409,0.15384615384615385,732062,4713390,24,9,32.65,1100.0234,10
2410,0.2125,732063,4713411,24,10,37.75,570.0626,17
2411,0.16279069767441862,732060,4713430,24,11,33.75,543.1033,14
2412,0,732061,4713454,24,12,0,0,0
2413,0,732065,4713473,24,13,0,0,0
2414,0,732065,4713491,24,14,0,0,0
2415,0,732062,4713512,24,15,0,0,0
2416,0,732059,4713534,24,16,0,0,0
2417,0,732062,4713551,24,17,0,0,0
2418,0,732061,4713573,24,18,0,0,0
2419,0.5347593582887701,732061,4713591,24,19,110.05,639.8495,100
2420,0.46099290780141844,732063,4713613,24,20,107.55,2235.6251,65
2421,0.22485207100591717,732060,4713631,24,21,80.15,1827.7256,38
2422,0.31746031746031744,732062,4713650,24,22,68.14999999999999,1202.5073,40
2423,0.096,732063,4713674,24,23,51.8,2417.619,12
2424,0.15492957746478872,732063,4713692,24,24,66.65,2052.7004,11
2425,0.3170731707317073,732060,4713710,24,25,126.6,5757.2141,39
2501,0.4264705882352941,732083,4713233,25,1,67.3,1338.0942,29
2502,0.44545454545454544,732083,4713251,25,2,94.1,2205.2446,49
2503,0.5663716814159292,732081,4713274,25,3,90.75,1088.7774,64
2504,0.4112903225806452,732080,4713292,25,4,50,374.5129,51
2505,0.2857142857142857,732082,4713312,25,5,42.85,883.4508,22
2506,0.21348314606741572,732083,4713330,25,6,35.1,406.0474,19
2507,0.3493975903614458,732083,4713352,25,7,73.7,1686.5524,29
2508,0.21739130434782608,732083,4713372,25,8,52.85,1335.5771,20
2509,0.13559322033898305,732084,4713393,25,9,45.45,1580.949,8
2510,0.32038834951456313,732083,4713415,25,10,58.949999999999996,1048.666,33
2511,0.10526315789473684,732083,4713430,25,11,17.45,251.8353,8
2512,0,732080,4713455,25,12,0,0,0
2513,0,732078,4713469,25,13,0,0,0
2514,0,732080,4713494,25,14,0,0,0
2515,0,732080,4713511,25,15,0,0,0
2516,0,732081,4713533,25,16,0,0,0
2517,0,732082,4713554,25,17,0,0,0
2518,0.5222929936305732,732083,4713571,25,18,77.65,539.628,82
2519,0.5603448275862069,732082,4713590,25,19,83.8,673.8058,65
2520,0.27058823529411763,732084,4713613,25,20,74.7,2313.5813,23
2521,0.23728813559322035,732086,4713631,25,21,28.099999999999998,1065.8819,14
2522,0.3088235294117647,732084,4713650,25,22,71.85,1761.1234,21
2523,0.16326530612244897,732081,4713673,25,23,52.3,783.5223,24
2524,0.2074468085106383,732081,4713691,25,24,40.5,258.87620000000004,39
2525,0.09302325581395349,732083,4713713,25,25,22.5,495.72499999999997,4
2601,0.32894736842105265,732103,4713233,26,1,37.25,545.3175,25
2602,0.34444444444444444,732103,4713251,26,2,36.1,248.1899,31
2603,0.7052631578947368,732104,4713269,26,3,82.1,693.4247,67
2604,0.35294117647058826,732103,4713293,26,4,39.65,309.1754,30
2605,0.37142857142857144,732104,4713311,26,5,99,2535.1575000000003,39
2606,0.2619047619047619,732102,4713331,26,6,51.65,1206.3042,22
2607,0.21794871794871795,732103,4713352,26,7,51.949999999999996,1514.3887,17
2608,0.2,732103,4713372,26,8,60.15,1623.7911,24
2609,0.14545454545454545,732103,4713392,26,9,27.55,633.0129999999999,8
2610,0.26785714285714285,732104,4713410,26,10,21.05,112.5534,15
2611,0.0851063829787234,732103,4713432,26,11,17.3,297.331,4
2612,0.18181818181818182,732101,4713451,26,12,33.550000000000004,1405.4678,10
2613,0,732102,4713469,26,13,0,0,0
2614,0,732099,4713495,26,14,0,0,0
2615,0,732103,4713508,26,15,0,0,0
2616,0,732104,4713533,26,16,0,0,0
2617,0,732101,4713555,26,17,0,0,0
2618,0.6261682242990654,732102,4713572,26,18,84.05,629.1718,67
2619,0.23,732105,4713591,26,19,34.1,311.50440000000003,23
2620,0.2962962962962963,732103,4713610,26,20,61.2,1017.5275,32
2621,0.352112676056338,732101,4713634,26,21,21.25,62.3684,25
2622,0.21951219512195122,732103,4713650,26,22,50.05,1254.5517,18
2623,0.14754098360655737,732105,4713673,26,23,48.05,1156.091,9
2624,0.14130434782608695,732103,4713691,26,24,73.3,1780.135,13
2625,0.05970149253731343,732103,4713712,26,25,14.399999999999999,204.71900000000002,4
2701,0.3409090909090909,732123,4713234,27,1,42.95,285.319,30
2702,0.2727272727272727,732124,4713251,27,2,40.35,332.1867,24
2703,0.6408450704225352,732123,4713273,27,3,84.2,481.72860000000003,91
2704,0.5954198473282443,732122,4713291,27,4,114.25,1754.2308,78
2705,0.23076923076923078,732122,4713312,27,5,40.25,796.1481,21
2706,0.4065934065934066,732121,4713333,27,6,105.60000000000001,3216.8589,37
2707,0.3333333333333333,732122,4713352,27,7,73.1,1184.1442,30
2708,0.24806201550387597,732123,4713373,27,8,103.9,3443.6851,32
2709,0.17543859649122806,732124,4713390,27,9,73.7,2007.8643,20
2710,0.23529411764705882,732121,4713411,27,10,71.95,2102.397,12
2711,0.15384615384615385,732121,4713432,27,11,31.15,669.9503,6
2712,0,732122,4713451,27,12,0,0,0
2713,0.3076923076923077,732123,4713474,27,13,41.75,664.6104,20
2714,0,732123,4713495,27,14,0,0,0
2715,0,732123,4713514,27,15,0,0,0
2716,0,732122,4713528,27,16,0,0,0
2717,0.6935483870967742,732122,4713551,27,17,116.35,1721.5578,86
2718,0.41975308641975306,732124,4713573,27,18,89.25,2251.1085,34
2719,0.4855072463768116,732123,4713594,27,19,64.9,327.0003,67
2720,0.21428571428571427,732124,4713611,27,20,67.1,1216.8935999999999,39
2721,0.18,732123,4713632,27,21,41.15,868.0680000000001,9
2722,0.3013698630136986,732124,4713651,27,22,47.9,867.6743,22
2723,0.14285714285714285,732122,4713674,27,23,65.9,1444.2114,17
2724,0.17647058823529413,732124,4713692,27,24,76.7,1736.485,15
2725,0.14634146341463414,732121,4713712,27,25,50.25,1055.279,12
2801,0.2222222222222222,732143,4713232,28,1,39.6,735.1575,20
2802,0.39285714285714285,732142,4713252,28,2,82.3,1085.0597,44
2803,0.45454545454545453,732141,4713272,28,3,76.95,1384.7949999999998,50
2804,0.5,732143,4713292,28,4,57.75,803.2577,38
2805,0.35294117647058826,732143,4713313,28,5,32.65,711.8077999999999,24
2806,0.46511627906976744,732142,4713331,28,6,81.8,1193.416,60
2807,0.39603960396039606,732143,4713351,28,7,104.8,3205.2815,40
2808,0.16842105263157894,732141,4713373,28,8,91.3,3395.915,16
2809,0.22093023255813954,732143,4713392,28,9,320.3,14790.3953,38
2810,0.1,732144,4713411,28,10,36.9,2126.043,4
2811,0.23076923076923078,732144,4713432,28,11,28.5,754.6533,6
2812,0.09615384615384616,732144,4713450,28,12,11.15,180.5511,5
2813,0.09615384615384616,732140,4713474,28,13,14.9,175.941,5
2814,0.6170212765957447,732141,4713490,28,14,78.65,1697.5262,29
2815,0,732142,4713511,28,15,0,0,0
2816,0,732139,4713532,28,16,0,0,0
2817,0.6851851851851852,732141,4713551,28,17,101.55,1278.864,74
2818,0.6021505376344086,732142,4713573,28,18,84.3,1149.6304,56
2819,0.2894736842105263,732142,4713590,28,19,59.6,972.895,33
2820,0.17757009345794392,732142,4713614,28,20,32.7,586.4633,19
2821,0.28125,732145,4713633,28,21,58.6,1334.4251,27
2822,0.29133858267716534,732143,4713652,28,22,71.7,1054.5866,37
2823,0.21428571428571427,732143,4713673,28,23,112.55,1820.8924,39
2824,0.17692307692307693,732143,4713693,28,24,81.75,1246.0921,23
2825,0.10434782608695652,732142,4713712,28,25,40.55,726.299,12
2901,0.30097087378640774,732162,4713232,29,1,38.65,372.5586,31
2902,0.30952380952380953,732163,4713253,29,2,71.75,1858.8316,26
2903,0.3157894736842105,732161,4713274,29,3,45.75,895.0308,24
2904,0.5726495726495726,732164,4713291,29,4,68,755.8859,67
2905,0.5966386554621849,732162,4713312,29,5,81.25,857.5957,71
2906,0.3986013986013986,732162,4713332,29,6,75.15,992.4828,57
2907,0.3602941176470588,732163,4713351,29,7,95.15,1780.2869,49
2908,0.2972972972972973,732163,4713373,29,8,98.85,3037.7361,33
2909,0.25,732162,4713393,29,9,183.2,7277.198,29
2910,0.11267605633802817,732163,4713412,29,10,70.65,2249.9279,16
2911,0.14893617021276595,732163,4713430,29,11,21.1,456.35900000000004,7
2912,0.09375,732163,4713453,29,12,31.4,1090.7,3
2913,0.16,732162,4713472,29,13,30.25,1577.764,4
2914,0.2978723404255319,732162,4713496,29,14,44.85,911.4957,14
2915,0.5111111111111111,732163,4713513,29,15,129.85,5312.5759,46
2916,0.5257731958762887,732163,4713532,29,16,110.45,2411.064,51
2917,0.6063829787234043,732163,4713552,29,17,99.45,1764.2156,57
2918,0.4666666666666667,732161,4713573,29,18,42.2,813.6031,28
2919,0.140625,732163,4713592,29,19,39.7,965.539,9
2920,0.23076923076923078,732163,4713613,29,20,49.9,477.82730000000004,27
2921,0.35545023696682465,732164,4713631,29,21,137.05,2314.2134,75
2922,0.3269961977186312,732164,4713652,29,22,114.7,683.6934,86
2923,0.2077922077922078,732163,4713671,29,23,80.05,860.6573000000001,32
2924,0.1794871794871795,732162,4713690,29,24,102.55,2454.997,28
2925,0.17355371900826447,732162,4713711,29,25,60.1,970.581,21
3001,0.25316455696202533,732185,4713231,30,1,49.25,1431.2360999999999,20
3002,0.175,732183,4713252,30,2,36.4,1178.6344,14
3003,0.43119266055045874,732184,4713274,30,3,61.15,498.2833,47
3004,0.4520547945205479,732184,4713292,30,4,109.6,1909.5449,66
3005,0.46153846153846156,732183,4713313,30,5,62.25,702.4594,48
3006,0.4065934065934066,732184,4713331,30,6,63.7,1230.2525,37
3007,0.4090909090909091,732181,4713353,30,7,111.25,3382.0808,36
3008,0.16470588235294117,732183,4713372,30,8,52.45,1246.9624,14
3009,0.18,732183,4713391,30,9,74.35,2468.7084,18
3010,0.19718309859154928,732183,4713412,30,10,151.65,6162.8407,28
3011,0.13541666666666666,732183,4713431,30,11,37.5,815.4364,13
3012,0.09210526315789473,732184,4713452,30,12,34.25,617.85,7
3013,0.16216216216216217,732184,4713471,30,13,35.95,920.732,6
3014,0.12727272727272726,732183,4713493,30,14,56.45,1732.96,7
3015,0.5,732185,4713515,30,15,90.2,823.4001,91
3016,0.6166666666666667,732185,4713529,30,16,90.7,1455.5984,74
3017,0.28125,732185,4713552,30,17,64.6,950.1483,27
3018,0.06557377049180328,732182,4713574,30,18,16,242.95,4
3019,0.2125,732185,4713592,30,19,64.45,1067.325,17
3020,0.26119402985074625,732183,4713612,30,20,94.55,1320.3807,35
3021,0.30927835051546393,732183,4713633,30,21,121.5,1103.0366,60
3022,0.25943396226415094,732184,4713651,30,22,117.85,1163.4137,55
3023,0.17415730337078653,732184,4713671,30,23,82.25,844.904,31
3024,0.20300751879699247,732184,4713693,30,24,63.55,810.2653,27
3025,0.23741007194244604,732183,4713711,30,25,98.6,1537.3748,33
3101,0.13142857142857142,732203,4713232,31,1,17.8,67.7524,23
3102,0.3486238532110092,732203,4713252,31,2,63.55,705.3679999999999,38
3103,0.36283185840707965,732203,4713272,31,3,83.85,1583.9225,41
3104,0.5853658536585366,732203,4713290,31,4,90.15,967.2297,72
3105,0.48936170212765956,732203,4713312,31,5,73.4,772.9955,69
3106,0.3894736842105263,732202,4713332,31,6,58.050000000000004,796.9828,37
3107,0.41935483870967744,732203,4713352,31,7,62.550000000000004,838.8306,39
3108,0.41605839416058393,732206,4713372,31,8,141.55,4721.6609,57
3109,0.23529411764705882,732204,4713393,31,9,135.9,5249.08,28
3110,0.38095238095238093,732202,4713411,31,10,272.1,11295.0221,56
3111,0.16494845360824742,732203,4713430,31,11,61.7,1654.4144,16
3112,0.20238095238095238,732204,4713451,31,12,62.65,1091.968,17
3113,0.15873015873015872,732203,4713471,31,13,52,1092.715,10
3114,0.04918032786885246,732204,4713493,31,14,19.05,910.0930000000001,3
3115,0.375,732203,4713514,31,15,106.95,2966.8516,33
3116,0.28169014084507044,732201,4713532,31,16,128.75,5638.6817,20
3117,0.09333333333333334,732203,4713551,31,17,9.05,45.2103,7
3118,0.1095890410958904,732200,4713571,31,18,8.65,41.4307,8
3119,0.2468354430379747,732203,4713592,31,19,72.95,695.9058,39
3120,0.27972027972027974,732203,4713613,31,20,95.3,960.6887,40
3121,0.43137254901960786,732204,4713631,31,21,173.85,1459.1258,110
3122,0.25609756097560976,732202,4713652,31,22,94.8,925.85,42
3123,0.2893401015228426,732203,4713672,31,23,147.4,1751.293,57
3124,0.21323529411764705,732203,4713691,31,24,78.7,901.972,29
3125,0.18691588785046728,732203,4713712,31,25,58,892.4865,20
3201,0.2781456953642384,732223,4713230,32,1,40.6,196.889,42
3202,0.25203252032520324,732223,4713253,32,2,43.45,809.4263,31
3203,0.400990099009901,732224,4713274,32,3,63,215.9064,81
3204,0.4393939393939394,732224,4713291,32,4,51.85,315.1077,58
3205,0.24242424242424243,732224,4713312,32,5,33.85,311.0188,24
3206,0.30303030303030304,732224,4713333,32,6,60.15,1491.5049,30
3207,0.2268041237113402,732223,4713351,32,7,32.199999999999996,497.26570000000004,22
3208,0.2604166666666667,732222,4713373,32,8,42.7,697.6179,25
3209,0.1592920353982301,732223,4713392,32,9,42.050000000000004,768.9118,18
3210,0.25517241379310346,732224,4713412,32,10,63.5,1483.9678999999999,37
3211,0.17647058823529413,732223,4713430,32,11,44.25,512.029,27
3212,0.16666666666666666,732223,4713452,32,12,33.1,598.2967,14
3213,0.125,732224,4713472,32,13,30.5,848.6354,8
3214,0.18181818181818182,732223,4713493,32,14,92.65,3589.566,18
3215,0.125,732223,4713511,32,15,10.15,66.55080000000001,9
3216,0.16666666666666666,732223,4713532,32,16,69.95,3109.817,7
3217,0.19047619047619047,732223,4713553,32,17,42,1018.1314000000001,12
3218,0.21621621621621623,732223,4713574,32,18,53.45,804.891,16
3219,0.26548672566371684,732221,4713592,32,19,58.95,571.6887,30
3220,0.2692307692307692,732222,4713613,32,20,116.2,1612.8204,42
3221,0.3006134969325153,732223,4713632,32,21,97.75,1029.764,49
3222,0.2706766917293233,732223,4713652,32,22,89.9,1136.6233,36
3223,0.3048780487804878,732223,4713672,32,23,101.9,887.931,50
3224,0.1834319526627219,732223,4713692,32,24,96.85,1202.347,31
3225,0.21818181818181817,732223,4713712,32,25,98.3,2002.9887,24
3301,0.35714285714285715,732241,4713230,33,1,49,233.9379,50
3302,0.13333333333333333,732241,4713253,33,2,19.05,200.5734,12
3303,0.15454545454545454,732241,4713272,33,3,34.45,464.9336,17
3304,0.3356164383561644,732241,4713291,33,4,67.45,1230.3626,49
3305,0.24528301886792453,732242,4713312,33,5,35.5,278.7015,26
3306,0.2578125,732243,4713332,33,6,38.7,373.81170000000003,33
3307,0.36607142857142855,732242,4713353,33,7,63.55,1151.4366,41
3308,0.4701492537313433,732243,4713372,33,8,80.75,1844.7809,63
3309,0.15384615384615385,732243,4713391,33,9,43.35,643.693,24
3310,0.15267175572519084,732241,4713412,33,10,34.85,321.305,20
3311,0.17647058823529413,732242,4713430,33,11,37.65,959.4141000000001,18
3312,0.1774193548387097,732244,4713451,33,12,9.55,30.0569,11
3313,0.16666666666666666,732243,4713473,33,13,34.2,632.361,8
3314,0.21212121212121213,732241,4713493,33,14,22.25,170.9497,14
3315,0.17647058823529413,732244,4713511,33,15,83.8,3038.3571,15
3316,0.125,732244,4713530,33,16,39.5,668.7153000000001,12
3317,0.12307692307692308,732243,4713552,33,17,26.95,374.89300000000003,8
3318,0.3188405797101449,732244,4713571,33,18,120.7,3673.981,22
3319,0.25203252032520324,732242,4713592,33,19,101.15,1960.7623,31
3320,0.23846153846153847,732243,4713612,33,20,82.85,1104.5827,31
3321,0.2857142857142857,732244,4713633,33,21,107.2,1354.0197,38
3322,0.271523178807947,732244,4713652,33,22,86.4,811.2466000000001,41
3323,0.36428571428571427,732243,4713673,33,23,150.15,2056.297,51
3324,0.2808219178082192,732242,4713690,33,24,103.65,1222.4194,41
3325,0.23232323232323232,732243,4713712,33,25,87.3,1664.8674,23
3401,0.2222222222222222,732263,4713233,34,1,32.8,174.3931,26
3402,0.1111111111111111,732263,4713252,34,2,20.5,295.687,9
3403,0.36082474226804123,732263,4713274,34,3,68.15,902.5106000000001,35
3404,0.3219178082191781,732263,4713292,34,4,65.65,1380.2048,47
3405,0.3157894736842105,732262,4713311,34,5,43.75,473.7718,30
3406,0.4732142857142857,732262,4713332,34,6,45.15,153.7678,53
3407,0.3793103448275862,732262,4713351,34,7,28.95,136.66910000000001,33
3408,0.1875,732263,4713372,34,8,31.6,310.0382,21
3409,0.3563218390804598,732262,4713393,34,9,26.25,102.4285,31
3410,0.2571428571428571,732263,4713411,34,10,83.75,3577.416,18
3411,0.19117647058823528,732265,4713432,34,11,46.7,914.8364,13
3412,0.24050632911392406,732264,4713450,34,12,55.25,1116.8424,19
3413,0.09615384615384616,732265,4713473,34,13,19.8,472.63,5
3414,0.18518518518518517,732263,4713490,34,14,43.7,1251.785,10
3415,0.08823529411764706,732265,4713513,34,15,14.85,259.6824,6
3416,0.16346153846153846,732261,4713531,34,16,39.5,419.7658,17
3417,0.2289156626506024,732263,4713553,34,17,87.05,1496.75,19
3418,0.1746031746031746,732263,4713572,34,18,65.65,1913.326,11
3419,0.1686746987951807,732264,4713592,34,19,71.4,1617.533,14
3420,0.18018018018018017,732263,4713612,34,20,81.05,1341.766,20
3421,0.26277372262773724,732262,4713632,34,21,92.6,1029.8307,36
3422,0.2805755395683453,732263,4713652,34,22,96.65,1147.9118,39
3423,0.2619047619047619,732263,4713671,34,23,102.15,1306.33,33
3424,0.20168067226890757,732264,4713691,34,24,72.85,1417.811,24
3425,0.17117117117117117,732263,4713712,34,25,61.7,869.8154000000001,19
3501,0.1640625,732283,4713230,35,1,25.45,147.66,21
3502,0.2517985611510791,732282,4713252,35,2,40.15,182.0807,35
3503,0.2868217054263566,732283,4713271,35,3,57.65,850.41,37
3504,0.30701754385964913,732282,4713292,35,4,52.8,478.2815,35
3505,0.17857142857142858,732283,4713310,35,5,55.4,1210.4428,15
3506,0.125,732282,4713333,35,6,39.85,1802.649,7
3507,0.17105263157894737,732283,4713353,35,7,34.75,1441.3687,13
3508,0.25806451612903225,732283,4713372,35,8,30.4,180.88479999999998,24
3509,0.3333333333333333,732282,4713393,35,9,40.15,1013.8865000000001,21
3510,0.19444444444444445,732283,4713412,35,10,28.15,518.1081,14
3511,0.22988505747126436,732284,4713432,35,11,49.050000000000004,830.6421,20
3512,0.17272727272727273,732282,4713453,35,12,53.25,1697.6673,19
3513,0.2465753424657534,732283,4713469,35,13,57.15,2238.188,18
3514,0.19642857142857142,732285,4713492,35,14,61.25,2914.052,11
3515,0.24615384615384617,732283,4713513,35,15,62.7,1224.137,16
3516,0.10526315789473684,732283,4713531,35,16,26.2,354.983,8
3517,0.22058823529411764,732284,4713552,35,17,79.3,2278.678,15
3518,0.23232323232323232,732283,4713573,35,18,87.25,1344.1804,23
3519,0.18888888888888888,732283,4713592,35,19,79.05,1320.5054,17
3520,0.1978021978021978,732284,4713612,35,20,44.05,645.532,18
3521,0.192,732281,4713633,35,21,64.45,1013.3538,24
3522,0.3018867924528302,732281,4713651,35,22,115.3,1996.837,48
3523,0.23711340206185566,732283,4713673,35,23,119.95,4597.3237,23
3524,0.24,732281,4713691,35,24,100.7,1798.866,24
3525,0.25,732282,4713712,35,25,81.1,1246.1948,25
